Mumbai:(19.566660367559205 72.7477273645539),(18.638423647470706 73.098504373291)
Canada:(51.033080290959155 -103.89451896447156)(50.09942220059656 -103.41696259682399)
AP:(22.515758451342187 80.55189478956267),(21.562279167107146 80.86202677181053)
